117 224
117 248
119 273
123 296
133 318
149 337
168 354
190 367
216 371
243 369
264 356
281 339
295 321
302 300
305 275
304 250
304 228
148 199
160 190
176 187
192 189
207 195
234 195
247 190
262 190
275 193
284 203
219 215
219 229
219 244
220 258
201 273
209 276
219 278
227 277
235 275
169 217
179 213
189 213
197 221
188 221
178 220
240 221
249 215
260 214
267 220
260 224
250 223
180 306
194 304
208 302
217 304
225 302
237 305
252 309
237 317
225 319
217 320
207 319
194 316
185 308
208 310
217 311
225 311
246 310
225 312
217 313
208 312
0   0
0   300
0   409
0   599
231 411
215 599
430 599
430 430
430 300
430 0
215 0
