112 211
111 242
112 273
116 304
129 332
150 355
176 376
206 392
238 396
267 391
293 374
314 352
332 328
340 300
344 270
346 241
347 211
148 186
163 174
184 169
204 173
222 182
262 183
279 178
298 177
315 182
325 196
242 208
243 231
244 253
245 276
215 285
229 289
243 293
257 290
269 286
171 211
183 205
196 207
207 215
195 215
183 214
269 217
280 210
292 210
303 217
292 219
280 219
187 317
210 316
229 315
243 318
256 314
271 317
286 319
270 331
255 338
241 340
227 339
209 333
195 319
228 325
242 327
256 325
280 321
255 325
242 327
228 325
0   0
0   300
0   428
0   599
226 468
215 599
430 599
430 438
430 300
430 0
215 0
